24  298   1   1     0.000    0.000    0.000   0.000   0.000   0.000   0.000 1j1uA M
24  297   2   2     0.000    0.000    0.000   0.000   0.000   0.000   0.000 1j1uA D
24  296   3   3     0.000    0.000    0.000   0.000   0.000   0.000   0.000 1j1uA E
24  295   4   4     0.000    0.000    0.000   0.000   0.000   0.000   0.000 1j1uA F
24  294   5   5     0.000    0.000    0.000   0.000   0.000   0.000   0.000 1j1uA E
24  293   6   6     0.000    0.000    0.000   0.000   0.000   0.000   0.000 1j1uA M
24  292   7   7     0.000    0.000    0.000   0.000   0.000   0.000   0.000 1j1uA I
24  291   8   8     0.000    0.000    0.000   0.000   0.000   0.000   0.000 1j1uA K
24  290   9   9     0.000    0.000    0.000   0.000   0.000   0.000   0.000 1j1uA R
24  289  10  10     0.000    0.000    0.000   0.000   0.000   0.000   0.000 1j1uA N
24  288  11  11     0.000    0.000    0.000   0.000   0.000   0.000   0.000 1j1uA T
24  287  12  12     0.000    0.000    0.000   0.000   0.000   0.000   0.000 1j1uA S
24  286  13  13     0.000    0.000    0.000   0.000   0.000   0.000   0.000 1j1uA E
24  285  14  14     0.000    0.000    0.000   0.000   0.000   0.000   0.000 1j1uA I
24  284  15  15     0.000    0.000    0.000   0.000   0.000   0.000   0.000 1j1uA I
24  283  16  16     0.000    0.000    0.000   0.000   0.000   0.000   0.000 1j1uA S
24  282  17  17     0.000    0.000    0.000   0.000   0.000   0.000   0.000 1j1uA E
24  281  18  18     0.000    0.000    0.000   0.000   0.000   0.000   0.000 1j1uA E
24  280  19  19     0.000    0.000    0.000   0.000   0.000   0.000   0.000 1j1uA E
24  279  20  20     0.000    0.000    0.000   0.000   0.000   0.000   0.000 1j1uA L
24  278  21  21     0.000    0.000    0.000   0.000   0.000   0.000   0.000 1j1uA R
24  277  22  22     0.000    0.000    0.000   0.000   0.000   0.000   0.000 1j1uA E
24  276  23  23     0.000    0.000    0.000   0.000   0.000   0.000   0.000 1j1uA V
24  275  24  24     0.000    0.000    0.000   0.000   0.000   0.000   0.000 1j1uA L
24  274  25  25     0.000    0.000    0.000   0.000   0.000   0.000   0.000 1j1uA K
24  273  26  26     0.000    0.000    0.000   0.000   0.000   0.000   0.000 1j1uA K
24  272  27  27     0.000    0.000    0.000   0.000   0.000   0.000   0.000 1j1uA D
24  271  28  28     0.000    0.000    0.000   0.000   0.000   0.000   0.000 1j1uA E
24  270  29  29     0.000    0.000    0.000   0.000   0.000   0.000   0.000 1j1uA K
24  269  30  30     0.000    0.000    0.000   0.000   0.000   0.000   0.000 1j1uA S
24  268  31  31     0.000    0.000    0.000   0.000   0.000   0.000   0.000 1j1uA A
24  267  32  32     0.000    0.000    0.000   0.000   0.000   0.000   0.000 1j1uA Y
24  266  33  33     0.000    0.000    0.000   0.000   0.000   0.000   0.000 1j1uA I
24  265  34  34     0.000    0.000    0.000   0.000   0.000   0.000   0.000 1j1uA G
24  264  35  35     0.000    0.000    0.000   0.000   0.000   0.000   0.000 1j1uA F
24  263  36  36     0.000    0.000    0.000   0.000   0.000   0.000   0.000 1j1uA E
24  262  37  37     0.000    0.000    0.000   0.000   0.000   0.000   0.000 1j1uA P
24  261  38  38     0.000    0.000    0.000   0.000   0.000   0.000   0.000 1j1uA S
24  260  39  39     0.000    0.000    0.000   0.000   0.000   0.000   0.000 1j1uA G
24  259  40  40     0.000    0.000    0.000   0.000   0.000   0.000   0.000 1j1uA K
24  258  41  41     0.000    0.000    0.000   0.000   0.000   0.000   0.000 1j1uA I
24  257  42  42     0.000    0.000    0.000   0.000   0.000   0.000   0.000 1j1uA H
24  256  43  43     0.000    0.000    0.000   0.000   0.000   0.000   0.000 1j1uA L
24  255  44  44     0.000    0.000    0.000   0.000   0.000   0.000   0.000 1j1uA G
24  254  45  45     0.000    0.000    0.000   0.000   0.000   0.000   0.000 1j1uA H
24  253  46  46     0.000    0.000    0.000   0.000   0.000   0.000   0.000 1j1uA Y
24  252  47  47     0.000    0.000    0.000   0.000   0.000   0.000   0.000 1j1uA L
24  251  48  48     0.000    0.000    0.000   0.000   0.000   0.000   0.000 1j1uA Q
24  250  49  49     0.000    0.000    0.000   0.000   0.000   0.000   0.000 1j1uA I
24  249  50  50     0.000    0.000    0.000   0.000   0.000   0.000   0.000 1j1uA K
24  248  51  51     0.000    0.000    0.000   0.000   0.000   0.000   0.000 1j1uA K
24  247  52  52     0.000    0.000    0.000   0.000   0.000   0.000   0.000 1j1uA M
24  246  53  53     0.000    0.000    0.000   0.000   0.000   0.000   0.000 1j1uA I
24  245  54  54     0.000    0.000    0.000   0.000   0.000   0.000   0.000 1j1uA D
24  244  55  55     0.000    0.000    0.000   0.000   0.000   0.000   0.000 1j1uA L
24  243  56  56     0.000    0.000    0.000   0.000   0.000   0.000   0.000 1j1uA Q
24  242  57  57     0.000    0.000    0.000   0.000   0.000   0.000   0.000 1j1uA N
24  241  58  58     0.000    0.000    0.000   0.000   0.000   0.000   0.000 1j1uA A
24  240  59  59     0.000    0.000    0.000   0.000   0.000   0.000   0.000 1j1uA G
24  239  60  60     0.000    0.000    0.000   0.000   0.000   0.000   0.000 1j1uA F
24  238  61  61     0.000    0.000    0.000   0.000   0.000   0.000   0.000 1j1uA D
24  237  62  62     0.000    0.000    0.000   0.000   0.000   0.000   0.000 1j1uA I
24  236  63  63     0.000    0.000    0.000   0.000   0.000   0.000   0.000 1j1uA I
24  235  64  64     0.000    0.000    0.000   0.000   0.000   0.000   0.000 1j1uA I
24  234  65  65     0.000    0.000    0.000   0.000   0.000   0.000   0.000 1j1uA L
24  233  66  66     0.000    0.000    0.000   0.000   0.000   0.000   0.000 1j1uA L
24  232  67  67     0.000    0.000    0.000   0.000   0.000   0.000   0.000 1j1uA A
24  231  68  68     0.000    0.000    0.000   0.000   0.000   0.000   0.000 1j1uA D
24  230  69  69     0.000    0.000    0.000   0.000   0.000   0.000   0.000 1j1uA L
24  229  70  70     0.000    0.000    0.000   0.000   0.000   0.000   0.000 1j1uA H
24  228  71  71     0.000    0.000    0.000   0.000   0.000   0.000   0.000 1j1uA A
24  227  72  72     0.000    0.000    0.000   0.000   0.000   0.000   0.000 1j1uA Y
24  226  73  73     0.000    0.000    0.000   0.000   0.000   0.000   0.000 1j1uA L
24  225  74  74     0.000    0.000    0.000   0.000   0.000   0.000   0.000 1j1uA N
24  224  75  75     0.000    0.000    0.000   0.000   0.000   0.000   0.000 1j1uA Q
24  223  76  76     0.000    0.000    0.000   0.000   0.000   0.000   0.000 1j1uA K
24  222  77  77     0.000    0.000    0.000   0.000   0.000   0.000   0.000 1j1uA G
24  221  78  78     0.000    0.000    0.000   0.000   0.000   0.000   0.000 1j1uA E
24  220  79  79     0.000    0.000    0.000   0.000   0.000   0.000   0.000 1j1uA L
24  219  80  80     0.000    0.000    0.000   0.000   0.000   0.000   0.000 1j1uA D
24  218  81  81     0.000    0.000    0.000   0.000   0.000   0.000   0.000 1j1uA E
24  217  82  82     0.000    0.000    0.000   0.000   0.000   0.000   0.000 1j1uA I
24  216  83  83     0.000    0.000    0.000   0.000   0.000   0.000   0.000 1j1uA R
24  215  84  84     0.000    0.000    0.000   0.000   0.000   0.000   0.000 1j1uA K
24  214  85  85     0.000    0.000    0.000   0.000   0.000   0.000   0.000 1j1uA I
24  213  86  86     0.000    0.000    0.000   0.000   0.000   0.000   0.000 1j1uA G
24  212  87  87     0.000    0.000    0.000   0.000   0.000   0.000   0.000 1j1uA D
24  211  88  88     0.000    0.000    0.000   0.000   0.000   0.000   0.000 1j1uA Y
24  210  89  89     0.000    0.000    0.000   0.000   0.000   0.000   0.000 1j1uA N
24  209  90  90     0.000    0.000    0.000   0.000   0.000   0.000   0.000 1j1uA K
24  208  91  91     0.000    0.000    0.000   0.000   0.000   0.000   0.000 1j1uA K
24  207  92  92     0.000    0.000    0.000   0.000   0.000   0.000   0.000 1j1uA V
24  206  93  93     0.000    0.000    0.000   0.000   0.000   0.000   0.000 1j1uA F
24  205  94  94     0.000    0.000    0.000   0.000   0.000   0.000   0.000 1j1uA E
24  204  95  95     0.000    0.000    0.000   0.000   0.000   0.000   0.000 1j1uA A
24  203  96  96     0.000    0.000    0.000   0.000   0.000   0.000   0.000 1j1uA M
24  202  97  97     0.000    0.000    0.000   0.000   0.000   0.000   0.000 1j1uA G
24  201  98  98     0.000    0.000    0.000   0.000   0.000   0.000   0.000 1j1uA L
24  200  99  99     0.000    0.000    0.000   0.000   0.000   0.000   0.000 1j1uA K
24  199 100 100     0.000    0.000    0.000   0.000   0.000   0.000   0.000 1j1uA A
24  198 101 101     0.000    0.000    0.000   0.000   0.000   0.000   0.000 1j1uA K
24  197 102 102     0.000    0.000    0.000   0.000   0.000   0.000   0.000 1j1uA Y
24  196 103 103     0.000    0.000    0.000   0.000   0.000   0.000   0.000 1j1uA V
24  195 104 104     0.000    0.000    0.000   0.000   0.000   0.000   0.000 1j1uA Y
24  194 105 105     0.000    0.000    0.000   0.000   0.000   0.000   0.000 1j1uA G
24  193 106 106     0.000    0.000    0.000   0.000   0.000   0.000   0.000 1j1uA S
24  192 107 107     0.000    0.000    0.000   0.000   0.000   0.000   0.000 1j1uA E
24  191 108 108     0.000    0.000    0.000   0.000   0.000   0.000   0.000 1j1uA F
24  190 109 109     0.000    0.000    0.000   0.000   0.000   0.000   0.000 1j1uA Q
24  189 110 110     0.000    0.000    0.000   0.000   0.000   0.000   0.000 1j1uA L
24  188 111 111     0.000    0.000    0.000   0.000   0.000   0.000   0.000 1j1uA D
24  187 112 112     0.000    0.000    0.000   0.000   0.000   0.000   0.000 1j1uA K
24  186 113 113     0.000    0.000    0.000   0.000   0.000   0.000   0.000 1j1uA D
24  185 114 114     0.000    0.000    0.000   0.000   0.000   0.000   0.000 1j1uA Y
24  184 115 115     0.000    0.000    0.000   0.000   0.000   0.000   0.000 1j1uA T
24  183 116 116     0.000    0.000    0.000   0.000   0.000   0.000   0.000 1j1uA L
24  182 117 117     0.000    0.000    0.000   0.000   0.000   0.000   0.000 1j1uA N
24  181 118 118     0.000    0.000    0.000   0.000   0.000   0.000   0.000 1j1uA V
24  180 119 119     0.000    0.000    0.000   0.000   0.000   0.000   0.000 1j1uA Y
24  179 120 120     0.000    0.000    0.000   0.000   0.000   0.000   0.000 1j1uA R
24  178 121 121     0.000    0.000    0.000   0.000   0.000   0.000   0.000 1j1uA L
24  177 122 122     0.000    0.000    0.000   0.000   0.000   0.000   0.000 1j1uA A
24  176 123 123     0.000    0.000    0.000   0.000   0.000   0.000   0.000 1j1uA L
24  175 124 124     0.000    0.000    0.000   0.000   0.000   0.000   0.000 1j1uA K
24  174 125 125     0.000    0.000    0.000   0.000   0.000   0.000   0.000 1j1uA T
24  173 126 126     0.000    0.000    0.000   0.000   0.000   0.000   0.000 1j1uA T
24  172 127 127     0.000    0.000    0.000   0.000   0.000   0.000   0.000 1j1uA L
24  171 128 128     0.000    0.000    0.000   0.000   0.000   0.000   0.000 1j1uA K
24  170 129 129     0.000    0.000    0.000   0.000   0.000   0.000   0.000 1j1uA R
24  169 130 130     0.000    0.000    0.000   0.000   0.000   0.000   0.000 1j1uA A
24  168 131 131     0.000    0.000    0.000   0.000   0.000   0.000   0.000 1j1uA R
24  167 132 132     0.000    0.000    0.000   0.000   0.000   0.000   0.000 1j1uA R
24  166 133 133     0.000    0.000    0.000   0.000   0.000   0.000   0.000 1j1uA S
24  165 134 134     0.000    0.000    0.000   0.000   0.000   0.000   0.000 1j1uA M
24  164 135 135     0.000    0.000    0.000   0.000   0.000   0.000   0.000 1j1uA E
24  163 136 136     0.000    0.000    0.000   0.000   0.000   0.000   0.000 1j1uA L
24  162 137 137     0.000    0.000    0.000   0.000   0.000   0.000   0.000 1j1uA I
24  161 138 138     0.000    0.000    0.000   0.000   0.000   0.000   0.000 1j1uA A
24  160 139 139     0.000    0.000    0.000   0.000   0.000   0.000   0.000 1j1uA R
24  159 140 140     0.000    0.000    0.000   0.000   0.000   0.000   0.000 1j1uA E
24  158 141 141     0.000    0.000    0.000   0.000   0.000   0.000   0.000 1j1uA D
24  157 142 142     0.000    0.000    0.000   0.000   0.000   0.000   0.000 1j1uA E
24  156 143 143     0.000    0.000    0.000   0.000   0.000   0.000   0.000 1j1uA N
24  155 144 144     0.000    0.000    0.000   0.000   0.000   0.000   0.000 1j1uA P
24  154 145 145     0.000    0.000    0.000   0.000   0.000   0.000   0.000 1j1uA K
24  153 146 146     0.000    0.000    0.000   0.000   0.000   0.000   0.000 1j1uA V
24  152 147 147     0.000    0.000    0.000   0.000   0.000   0.000   0.000 1j1uA A
24  151 148 148     0.000    0.000    0.000   0.000   0.000   0.000   0.000 1j1uA E
24  150 149 149     0.000    0.000    0.000   0.000   0.000   0.000   0.000 1j1uA V
24  149 150 150     0.000    0.000    0.000   0.000   0.000   0.000   0.000 1j1uA I
24  148 151 151     0.000    0.000    0.000   0.000   0.000   0.000   0.000 1j1uA Y
24  147 152 152     0.000    0.000    0.000   0.000   0.000   0.000   0.000 1j1uA P
24  146 153 153     0.000    0.000    0.000   0.000   0.000   0.000   0.000 1j1uA I
24  145 154 154     0.000    0.000    0.000   0.000   0.000   0.000   0.000 1j1uA M
24  144 155 155     0.000    0.000    0.000   0.000   0.000   0.000   0.000 1j1uA Q
24  143 156 156     0.000    0.000    0.000   0.000   0.000   0.000   0.000 1j1uA V
24  142 157 157     0.000    0.000    0.000   0.000   0.000   0.000   0.000 1j1uA N
24  141 158 158     0.000    0.000    0.000   0.000   0.000   0.000   0.000 1j1uA D
24  140 159 159     0.000    0.000    0.000   0.000   0.000   0.000   0.000 1j1uA I
24  139 160 160     0.000    0.000    0.000   0.000   0.000   0.000   0.000 1j1uA H
24  138 161 161     0.000    0.000    0.000   0.000   0.000   0.000   0.000 1j1uA Y
24  137 162 162     0.000    0.000    0.000   0.000   0.000   0.000   0.000 1j1uA L
24  136 163 163     0.000    0.000    0.000   0.000   0.000   0.000   0.000 1j1uA G
24  135 164 164     0.000    0.000    0.000   0.000   0.000   0.000   0.000 1j1uA V
24  134 165 165     0.000    0.000    0.000   0.000   0.000   0.000   0.000 1j1uA D
24  133 166 166     0.000    0.000    0.000   0.000   0.000   0.000   0.000 1j1uA V
24  132 167 167     0.000    0.000    0.000   0.000   0.000   0.000   0.000 1j1uA A
24  131 168 168     0.000    0.000    0.000   0.000   0.000   0.000   0.000 1j1uA V
24  130 169 169     0.000    0.000    0.000   0.000   0.000   0.000   0.000 1j1uA G
24  129 170 170     0.000    0.000    0.000   0.000   0.000   0.000   0.000 1j1uA G
24  128 171 171     0.000    0.000    0.000   0.000   0.000   0.000   0.000 1j1uA M
24  127 172 172     0.000    0.000    0.000   0.000   0.000   0.000   0.000 1j1uA E
24  126 173 173     0.000    0.000    0.000   0.000   0.000   0.000   0.000 1j1uA Q
24  125 174 174     0.000    0.000    0.000   0.000   0.000   0.000   0.000 1j1uA R
24  124 175 175     0.000    0.000    0.000   0.000   0.000   0.000   0.000 1j1uA K
24  123 176 176     0.000    0.000    0.000   0.000   0.000   0.000   0.000 1j1uA I
24  122 177 177     0.000    0.000    0.000   0.000   0.000   0.000   0.000 1j1uA H
24  121 178 178     0.000    0.000    0.000   0.000   0.000   0.000   0.000 1j1uA M
24  120 179 179     0.000    0.000    0.000   0.000   0.000   0.000   0.000 1j1uA L
24  119 180 180     0.000    0.000    0.000   0.000   0.000   0.000   0.000 1j1uA A
24  118 181 181     0.000    0.000    0.000   0.000   0.000   0.000   0.000 1j1uA R
24  117 182 182     0.000    0.000    0.000   0.000   0.000   0.000   0.000 1j1uA E
24  116 183 183     0.000    0.000    0.000   0.000   0.000   0.000   0.000 1j1uA L
24  115 184 184     0.000    0.000    0.000   0.000   0.000   0.000   0.000 1j1uA L
24  114 185 185     0.000    0.000    0.000   0.000   0.000   0.000   0.000 1j1uA P
24  113 186 186     0.000    0.000    0.000   0.000   0.000   0.000   0.000 1j1uA K
24  112 187 187     0.000    0.000    0.000   0.000   0.000   0.000   0.000 1j1uA K
24  111 188 188     0.000    0.000    0.000   0.000   0.000   0.000   0.000 1j1uA V
24  110 189 189     0.000    0.000    0.000   0.000   0.000   0.000   0.000 1j1uA V
24  109 190 190     0.000    0.000    0.000   0.000   0.000   0.000   0.000 1j1uA C
24  108 191 191     0.000    0.000    0.000   0.000   0.000   0.000   0.000 1j1uA I
24  107 192 192     0.000    0.000    0.000   0.000   0.000   0.000   0.000 1j1uA H
24  106 193 193     0.000    0.000    0.000   0.000   0.000   0.000   0.000 1j1uA N
24  105 194 194     0.000    0.000    0.000   0.000   0.000   0.000   0.000 1j1uA P
24  104 195 195     0.000    0.000    0.000   0.000   0.000   0.000   0.000 1j1uA V
24  103 196 196     0.000    0.000    0.000   0.000   0.000   0.000   0.000 1j1uA L
24  102 197 197     0.000    0.000    0.000   0.000   0.000   0.000   0.000 1j1uA T
24  101 198 198     0.000    0.000    0.000   0.000   0.000   0.000   0.000 1j1uA G
24  100 199 199     0.000    0.000    0.000   0.000   0.000   0.000   0.000 1j1uA L
24   99 200 200     0.000    0.000    0.000   0.000   0.000   0.000   0.000 1j1uA D
24   98 201 201     0.000    0.000    0.000   0.000   0.000   0.000   0.000 1j1uA G
24   97 202 202     0.000    0.000    0.000   0.000   0.000   0.000   0.000 1j1uA E
24   96 203 203     0.000    0.000    0.000   0.000   0.000   0.000   0.000 1j1uA G
24   95 204 204     0.000    0.000    0.000   0.000   0.000   0.000   0.000 1j1uA N
24   94 205 205     0.000    0.000    0.000   0.000   0.000   0.000   0.000 1j1uA F
24   93 206 206     0.000    0.000    0.000   0.000   0.000   0.000   0.000 1j1uA I
24   92 207 207     0.000    0.000    0.000   0.000   0.000   0.000   0.000 1j1uA A
24   91 208 208     0.000    0.000    0.000   0.000   0.000   0.000   0.000 1j1uA V
24   90 209 209     0.000    0.000    0.000   0.000   0.000   0.000   0.000 1j1uA D
24   89 210 210     0.000    0.000    0.000   0.000   0.000   0.000   0.000 1j1uA D
24   88 211 211     0.000    0.000    0.000   0.000   0.000   0.000   0.000 1j1uA S
24   87 212 212     0.000    0.000    0.000   0.000   0.000   0.000   0.000 1j1uA P
24   86 213 213     0.000    0.000    0.000   0.000   0.000   0.000   0.000 1j1uA E
24   85 214 214     0.000    0.000    0.000   0.000   0.000   0.000   0.000 1j1uA E
24   84 215 215     0.000    0.000    0.000   0.000   0.000   0.000   0.000 1j1uA I
24   83 216 216     0.000    0.000    0.000   0.000   0.000   0.000   0.000 1j1uA R
24   82 217 217     0.000    0.000    0.000   0.000   0.000   0.000   0.000 1j1uA A
24   81 218 218     0.000    0.000    0.000   0.000   0.000   0.000   0.000 1j1uA K
24   80 219 219     0.000    0.000    0.000   0.000   0.000   0.000   0.000 1j1uA I
24   79 220 220     0.000    0.000    0.000   0.000   0.000   0.000   0.000 1j1uA K
24   78 221 221     0.000    0.000    0.000   0.000   0.000   0.000   0.000 1j1uA K
24   77 222 222     0.000    0.000    0.000   0.000   0.000   0.000   0.000 1j1uA A
24   76 223 223     0.000    0.000    0.000   0.000   0.000   0.000   0.000 1j1uA Y
24   75 224 224     0.000    0.000    0.000   0.000   0.000   0.000   0.000 1j1uA C
24   74 225 225     0.000    0.000    0.000   0.000   0.000   0.000   0.000 1j1uA P
24   73 226 226     0.000    0.000    0.000   0.000   0.000   0.000   0.000 1j1uA A
24   72 227 227     0.000    0.000    0.000   0.000   0.000   0.000   0.000 1j1uA G
24   71 228 228     0.000    0.000    0.000   0.000   0.000   0.000   0.000 1j1uA V
24   70 229 229     0.000    0.000    0.000   0.000   0.000   0.000   0.000 1j1uA V
24   69 230 230     0.000    0.000    0.000   0.000   0.000   0.000   0.000 1j1uA E
24   68 231 231     0.000    0.000    0.000   0.000   0.000   0.000   0.000 1j1uA G
24   67 232 232     0.000    0.000    0.000   0.000   0.000   0.000   0.000 1j1uA N
24   66 233 233     0.000    0.000    0.000   0.000   0.000   0.000   0.000 1j1uA P
24   65 234 234     0.000    0.000    0.000   0.000   0.000   0.000   0.000 1j1uA I
24   64 235 235     0.000    0.000    0.000   0.000   0.000   0.000   0.000 1j1uA M
24   63 236 236     0.000    0.000    0.000   0.000   0.000   0.000   0.000 1j1uA E
24   62 237 237     0.000    0.000    0.000   0.000   0.000   0.000   0.000 1j1uA I
24   61 238 238     0.000    0.000    0.000   0.000   0.000   0.000   0.000 1j1uA A
24   60 239 239     0.000    0.000    0.000   0.000   0.000   0.000   0.000 1j1uA K
24   59 240 240     0.000    0.000    0.000   0.000   0.000   0.000   0.000 1j1uA Y
24   58 241 241     0.000    0.000    0.000   0.000   0.000   0.000   0.000 1j1uA F
24   57 242 242     0.000    0.000    0.000   0.000   0.000   0.000   0.000 1j1uA L
24   56 243 243     0.000    0.000    0.000   0.000   0.000   0.000   0.000 1j1uA E
24   55 244 244     0.000    0.000    0.000   0.000   0.000   0.000   0.000 1j1uA Y
24   54 245 245     0.000    0.000    0.000   0.000   0.000   0.000   0.000 1j1uA P
24   53 246 246     0.000    0.000    0.000   0.000   0.000   0.000   0.000 1j1uA L
24   52 247 247     0.000    0.000    0.000   0.000   0.000   0.000   0.000 1j1uA T
24   51 248 248     0.000    0.000    0.000   0.000   0.000   0.000   0.000 1j1uA I
24   50 249 249     0.000    0.000    0.000   0.000   0.000   0.000   0.000 1j1uA K
24   49 250 250     0.000    0.000    0.000   0.000   0.000   0.000   0.000 1j1uA R
24   48 251 251     0.000    0.000    0.000   0.000   0.000   0.000   0.000 1j1uA P
24   47 252 252     0.000    0.000    0.000   0.000   0.000   0.000   0.000 1j1uA E
24   46 253 253     0.000    0.000    0.000   0.000   0.000   0.000   0.000 1j1uA K
24   45 254 254     0.000    0.000    0.000   0.000   0.000   0.000   0.000 1j1uA F
24   44 255 255     0.000    0.000    0.000   0.000   0.000   0.000   0.000 1j1uA G
24   43 256 256     0.000    0.000    0.000   0.000   0.000   0.000   0.000 1j1uA G
24   42 257 257     0.000    0.000    0.000   0.000   0.000   0.000   0.000 1j1uA D
24   41 258 258     0.000    0.000    0.000   0.000   0.000   0.000   0.000 1j1uA L
24   40 259 259     0.000    0.000    0.000   0.000   0.000   0.000   0.000 1j1uA T
24   39 260 260     0.000    0.000    0.000   0.000   0.000   0.000   0.000 1j1uA V
24   38 261 261     0.000    0.000    0.000   0.000   0.000   0.000   0.000 1j1uA N
24   37 262 262     0.000    0.000    0.000   0.000   0.000   0.000   0.000 1j1uA S
24   36 263 263     0.000    0.000    0.000   0.000   0.000   0.000   0.000 1j1uA Y
24   35 264 264     0.000    0.000    0.000   0.000   0.000   0.000   0.000 1j1uA E
24   34 265 265     0.000    0.000    0.000   0.000   0.000   0.000   0.000 1j1uA E
24   33 266 266     0.000    0.000    0.000   0.000   0.000   0.000   0.000 1j1uA L
24   32 267 267     0.000    0.000    0.000   0.000   0.000   0.000   0.000 1j1uA E
24   31 268 268     0.000    0.000    0.000   0.000   0.000   0.000   0.000 1j1uA S
24   30 269 269     0.000    0.000    0.000   0.000   0.000   0.000   0.000 1j1uA L
24   29 270 270     0.000    0.000    0.000   0.000   0.000   0.000   0.000 1j1uA F
24   28 271 271     0.000    0.000    0.000   0.000   0.000   0.000   0.000 1j1uA K
24   27 272 272     0.000    0.000    0.000   0.000   0.000   0.000   0.000 1j1uA N
24   26 273 273     0.000    0.000    0.000   0.000   0.000   0.000   0.000 1j1uA K
24   25 274 274     0.000    0.000    0.000   0.000   0.000   0.000   0.000 1j1uA E
24   24 275 275     0.000    0.000    0.000   0.000   0.000   0.000   0.000 1j1uA L
24   23 276 276     0.000    0.000    0.000   0.000   0.000   0.000   0.000 1j1uA H
24   22 277 277     0.000    0.000    0.000   0.000   0.000   0.000   0.000 1j1uA P
24   21 278 278     0.000    0.000    0.000   0.000   0.000   0.000   0.000 1j1uA M
24   20 279 279     0.000    0.000    0.000   0.000   0.000   0.000   0.000 1j1uA D
24   19 280 280     0.000    0.000    0.000   0.000   0.000   0.000   0.000 1j1uA L
24   18 281 281     0.000    0.000    0.000   0.000   0.000   0.000   0.000 1j1uA K
24   17 282 282     0.000    0.000    0.000   0.000   0.000   0.000   0.000 1j1uA N
24   16 283 283     0.000    0.000    0.000   0.000   0.000   0.000   0.000 1j1uA A
24   15 284 284     0.000    0.000    0.000   0.000   0.000   0.000   0.000 1j1uA V
24   14 285 285     0.000    0.000    0.000   0.000   0.000   0.000   0.000 1j1uA A
24   13 286 286     0.000    0.000    0.000   0.000   0.000   0.000   0.000 1j1uA E
24   12 287 287     0.000    0.000    0.000   0.000   0.000   0.000   0.000 1j1uA E
24   11 288 288     0.000    0.000    0.000   0.000   0.000   0.000   0.000 1j1uA L
24   10 289 289     0.000    0.000    0.000   0.000   0.000   0.000   0.000 1j1uA I
24    9 290 290     0.000    0.000    0.000   0.000   0.000   0.000   0.000 1j1uA K
24    8 291 291     0.000    0.000    0.000   0.000   0.000   0.000   0.000 1j1uA I
24    7 292 292     0.000    0.000    0.000   0.000   0.000   0.000   0.000 1j1uA L
24    6 293 293     0.000    0.000    0.000   0.000   0.000   0.000   0.000 1j1uA E
24    5 294 294     0.000    0.000    0.000   0.000   0.000   0.000   0.000 1j1uA P
24    4 295 295     0.000    0.000    0.000   0.000   0.000   0.000   0.000 1j1uA I
24    3 296 296     0.000    0.000    0.000   0.000   0.000   0.000   0.000 1j1uA R
24    2 297 297     0.000    0.000    0.000   0.000   0.000   0.000   0.000 1j1uA K
24    1 298 298     0.000    0.000    0.000   0.000   0.000   0.000   0.000 1j1uA R
24    0 299 299     0.000    0.000    0.000   0.000   0.000   0.000   0.000 1j1uA L
