24  259   1   1     0.000    0.000    0.000   0.000   0.000   0.000   0.000 2zimA P
24  258   2   2     0.000    0.000    0.000   0.000   0.000   0.000   0.000 2zimA A
24  257   3   3     0.000    0.000    0.000   0.000   0.000   0.000   0.000 2zimA L
24  256   4   4     0.000    0.000    0.000   0.000   0.000   0.000   0.000 2zimA T
24  255   5   5     0.000    0.000    0.000   0.000   0.000   0.000   0.000 2zimA K
24  254   6   6     0.000    0.000    0.000   0.000   0.000   0.000   0.000 2zimA S
24  253   7   7     0.000    0.000    0.000   0.000   0.000   0.000   0.000 2zimA Q
24  252   8   8     0.000    0.000    0.000   0.000   0.000   0.000   0.000 2zimA T
24  251   9   9     0.000    0.000    0.000   0.000   0.000   0.000   0.000 2zimA D
24  250  10  10     0.000    0.000    0.000   0.000   0.000   0.000   0.000 2zimA R
24  249  11  11     0.000    0.000    0.000   0.000   0.000   0.000   0.000 2zimA L
24  248  12  12     0.000    0.000    0.000   0.000   0.000   0.000   0.000 2zimA E
24  247  13  13     0.000    0.000    0.000   0.000   0.000   0.000   0.000 2zimA V
24  246  14  14     0.000    0.000    0.000   0.000   0.000   0.000   0.000 2zimA L
24  245  15  15     0.000    0.000    0.000   0.000   0.000   0.000   0.000 2zimA L
24  244  16  16     0.000    0.000    0.000   0.000   0.000   0.000   0.000 2zimA N
24  243  17  17     0.000    0.000    0.000   0.000   0.000   0.000   0.000 2zimA P
24  242  18  18     0.000    0.000    0.000   0.000   0.000   0.000   0.000 2zimA K
24  241  19  19     0.000    0.000    0.000   0.000   0.000   0.000   0.000 2zimA D
24  240  20  20     0.000    0.000    0.000   0.000   0.000   0.000   0.000 2zimA E
24  239  21  21     0.000    0.000    0.000   0.000   0.000   0.000   0.000 2zimA S
24  238  22  22     0.000    0.000    0.000   0.000   0.000   0.000   0.000 2zimA G
24  237  23  23     0.000    0.000    0.000   0.000   0.000   0.000   0.000 2zimA K
24  236  24  24     0.000    0.000    0.000   0.000   0.000   0.000   0.000 2zimA P
24  235  25  25     0.000    0.000    0.000   0.000   0.000   0.000   0.000 2zimA F
24  234  26  26     0.000    0.000    0.000   0.000   0.000   0.000   0.000 2zimA R
24  233  27  27     0.000    0.000    0.000   0.000   0.000   0.000   0.000 2zimA E
24  232  28  28     0.000    0.000    0.000   0.000   0.000   0.000   0.000 2zimA L
24  231  29  29     0.000    0.000    0.000   0.000   0.000   0.000   0.000 2zimA E
24  230  30  30     0.000    0.000    0.000   0.000   0.000   0.000   0.000 2zimA S
24  229  31  31     0.000    0.000    0.000   0.000   0.000   0.000   0.000 2zimA E
24  228  32  32     0.000    0.000    0.000   0.000   0.000   0.000   0.000 2zimA L
24  227  33  33     0.000    0.000    0.000   0.000   0.000   0.000   0.000 2zimA L
24  226  34  34     0.000    0.000    0.000   0.000   0.000   0.000   0.000 2zimA S
24  225  35  35     0.000    0.000    0.000   0.000   0.000   0.000   0.000 2zimA R
24  224  36  36     0.000    0.000    0.000   0.000   0.000   0.000   0.000 2zimA R
24  223  37  37     0.000    0.000    0.000   0.000   0.000   0.000   0.000 2zimA K
24  222  38  38     0.000    0.000    0.000   0.000   0.000   0.000   0.000 2zimA K
24  221  39  39     0.000    0.000    0.000   0.000   0.000   0.000   0.000 2zimA D
24  220  40  40     0.000    0.000    0.000   0.000   0.000   0.000   0.000 2zimA L
24  219  41  41     0.000    0.000    0.000   0.000   0.000   0.000   0.000 2zimA Q
24  218  42  42     0.000    0.000    0.000   0.000   0.000   0.000   0.000 2zimA Q
24  217  43  43     0.000    0.000    0.000   0.000   0.000   0.000   0.000 2zimA I
24  216  44  44     0.000    0.000    0.000   0.000   0.000   0.000   0.000 2zimA Y
24  215  45  45     0.000    0.000    0.000   0.000   0.000   0.000   0.000 2zimA A
24  214  46  46     0.000    0.000    0.000   0.000   0.000   0.000   0.000 2zimA E
24  213  47  47     0.000    0.000    0.000   0.000   0.000   0.000   0.000 2zimA E
24  212  48  48     0.000    0.000    0.000   0.000   0.000   0.000   0.000 2zimA R
24  211  49  49     0.000    0.000    0.000   0.000   0.000   0.000   0.000 2zimA E
24  210  50  50     0.000    0.000    0.000   0.000   0.000   0.000   0.000 2zimA N
24  209  51  51     0.000    0.000    0.000   0.000   0.000   0.000   0.000 2zimA Y
24  208  52  52     0.000    0.000    0.000   0.000   0.000   0.000   0.000 2zimA L
24  207  53  53     0.000    0.000    0.000   0.000   0.000   0.000   0.000 2zimA G
24  206  54  54     0.000    0.000    0.000   0.000   0.000   0.000   0.000 2zimA K
24  205  55  55     0.000    0.000    0.000   0.000   0.000   0.000   0.000 2zimA L
24  204  56  56     0.000    0.000    0.000   0.000   0.000   0.000   0.000 2zimA E
24  203  57  57     0.000    0.000    0.000   0.000   0.000   0.000   0.000 2zimA R
24  202  58  58     0.000    0.000    0.000   0.000   0.000   0.000   0.000 2zimA E
24  201  59  59     0.000    0.000    0.000   0.000   0.000   0.000   0.000 2zimA I
24  200  60  60     0.000    0.000    0.000   0.000   0.000   0.000   0.000 2zimA T
24  199  61  61     0.000    0.000    0.000   0.000   0.000   0.000   0.000 2zimA R
24  198  62  62     0.000    0.000    0.000   0.000   0.000   0.000   0.000 2zimA F
24  197  63  63     0.000    0.000    0.000   0.000   0.000   0.000   0.000 2zimA F
24  196  64  64     0.000    0.000    0.000   0.000   0.000   0.000   0.000 2zimA V
24  195  65  65     0.000    0.000    0.000   0.000   0.000   0.000   0.000 2zimA D
24  194  66  66     0.000    0.000    0.000   0.000   0.000   0.000   0.000 2zimA R
24  193  67  67     0.000    0.000    0.000   0.000   0.000   0.000   0.000 2zimA G
24  192  68  68     0.000    0.000    0.000   0.000   0.000   0.000   0.000 2zimA F
24  191  69  69     0.000    0.000    0.000   0.000   0.000   0.000   0.000 2zimA L
24  190  70  70     0.000    0.000    0.000   0.000   0.000   0.000   0.000 2zimA E
24  189  71  71     0.000    0.000    0.000   0.000   0.000   0.000   0.000 2zimA I
24  188  72  72     0.000    0.000    0.000   0.000   0.000   0.000   0.000 2zimA K
24  187  73  73     0.000    0.000    0.000   0.000   0.000   0.000   0.000 2zimA S
24  186  74  74     0.000    0.000    0.000   0.000   0.000   0.000   0.000 2zimA P
24  185  75  75     0.000    0.000    0.000   0.000   0.000   0.000   0.000 2zimA I
24  184  76  76     0.000    0.000    0.000   0.000   0.000   0.000   0.000 2zimA L
24  183  77  77     0.000    0.000    0.000   0.000   0.000   0.000   0.000 2zimA I
24  182  78  78     0.000    0.000    0.000   0.000   0.000   0.000   0.000 2zimA P
24  181  79  79     0.000    0.000    0.000   0.000   0.000   0.000   0.000 2zimA L
24  180  80  80     0.000    0.000    0.000   0.000   0.000   0.000   0.000 2zimA E
24  179  81  81     0.000    0.000    0.000   0.000   0.000   0.000   0.000 2zimA Y
24  178  82  82     0.000    0.000    0.000   0.000   0.000   0.000   0.000 2zimA I
24  177  83  83     0.000    0.000    0.000   0.000   0.000   0.000   0.000 2zimA E
24  176  84  84     0.000    0.000    0.000   0.000   0.000   0.000   0.000 2zimA R
24  175  85  85     0.000    0.000    0.000   0.000   0.000   0.000   0.000 2zimA M
24  174  86  86     0.000    0.000    0.000   0.000   0.000   0.000   0.000 2zimA G
24  173  87  87     0.000    0.000    0.000   0.000   0.000   0.000   0.000 2zimA I
24  172  88  88     0.000    0.000    0.000   0.000   0.000   0.000   0.000 2zimA D
24  171  89  89     0.000    0.000    0.000   0.000   0.000   0.000   0.000 2zimA E
24  170  90  90     0.000    0.000    0.000   0.000   0.000   0.000   0.000 2zimA L
24  169  91  91     0.000    0.000    0.000   0.000   0.000   0.000   0.000 2zimA S
24  168  92  92     0.000    0.000    0.000   0.000   0.000   0.000   0.000 2zimA K
24  167  93  93     0.000    0.000    0.000   0.000   0.000   0.000   0.000 2zimA Q
24  166  94  94     0.000    0.000    0.000   0.000   0.000   0.000   0.000 2zimA I
24  165  95  95     0.000    0.000    0.000   0.000   0.000   0.000   0.000 2zimA F
24  164  96  96     0.000    0.000    0.000   0.000   0.000   0.000   0.000 2zimA R
24  163  97  97     0.000    0.000    0.000   0.000   0.000   0.000   0.000 2zimA V
24  162  98  98     0.000    0.000    0.000   0.000   0.000   0.000   0.000 2zimA D
24  161  99  99     0.000    0.000    0.000   0.000   0.000   0.000   0.000 2zimA K
24  160 100 100     0.000    0.000    0.000   0.000   0.000   0.000   0.000 2zimA N
24  159 101 101     0.000    0.000    0.000   0.000   0.000   0.000   0.000 2zimA F
24  158 102 102     0.000    0.000    0.000   0.000   0.000   0.000   0.000 2zimA C
24  157 103 103     0.000    0.000    0.000   0.000   0.000   0.000   0.000 2zimA L
24  156 104 104     0.000    0.000    0.000   0.000   0.000   0.000   0.000 2zimA R
24  155 105 105     0.000    0.000    0.000   0.000   0.000   0.000   0.000 2zimA P
24  154 106 106     0.000    0.000    0.000   0.000   0.000   0.000   0.000 2zimA M
24  153 107 107     0.000    0.000    0.000   0.000   0.000   0.000   0.000 2zimA L
24  152 108 108     0.000    0.000    0.000   0.000   0.000   0.000   0.000 2zimA A
24  151 109 109     0.000    0.000    0.000   0.000   0.000   0.000   0.000 2zimA P
24  150 110 110     0.000    0.000    0.000   0.000   0.000   0.000   0.000 2zimA N
24  149 111 111     0.000    0.000    0.000   0.000   0.000   0.000   0.000 2zimA L
24  148 112 112     0.000    0.000    0.000   0.000   0.000   0.000   0.000 2zimA Y
24  147 113 113     0.000    0.000    0.000   0.000   0.000   0.000   0.000 2zimA N
24  146 114 114     0.000    0.000    0.000   0.000   0.000   0.000   0.000 2zimA Y
24  145 115 115     0.000    0.000    0.000   0.000   0.000   0.000   0.000 2zimA L
24  144 116 116     0.000    0.000    0.000   0.000   0.000   0.000   0.000 2zimA R
24  143 117 117     0.000    0.000    0.000   0.000   0.000   0.000   0.000 2zimA K
24  142 118 118     0.000    0.000    0.000   0.000   0.000   0.000   0.000 2zimA L
24  141 119 119     0.000    0.000    0.000   0.000   0.000   0.000   0.000 2zimA D
24  140 120 120     0.000    0.000    0.000   0.000   0.000   0.000   0.000 2zimA R
24  139 121 121     0.000    0.000    0.000   0.000   0.000   0.000   0.000 2zimA A
24  138 122 122     0.000    0.000    0.000   0.000   0.000   0.000   0.000 2zimA L
24  137 123 123     0.000    0.000    0.000   0.000   0.000   0.000   0.000 2zimA P
24  136 124 124     0.000    0.000    0.000   0.000   0.000   0.000   0.000 2zimA D
24  135 125 125     0.000    0.000    0.000   0.000   0.000   0.000   0.000 2zimA P
24  134 126 126     0.000    0.000    0.000   0.000   0.000   0.000   0.000 2zimA I
24  133 127 127     0.000    0.000    0.000   0.000   0.000   0.000   0.000 2zimA K
24  132 128 128     0.000    0.000    0.000   0.000   0.000   0.000   0.000 2zimA I
24  131 129 129     0.000    0.000    0.000   0.000   0.000   0.000   0.000 2zimA F
24  130 130 130     0.000    0.000    0.000   0.000   0.000   0.000   0.000 2zimA E
24  129 131 131     0.000    0.000    0.000   0.000   0.000   0.000   0.000 2zimA I
24  128 132 132     0.000    0.000    0.000   0.000   0.000   0.000   0.000 2zimA G
24  127 133 133     0.000    0.000    0.000   0.000   0.000   0.000   0.000 2zimA P
24  126 134 134     0.000    0.000    0.000   0.000   0.000   0.000   0.000 2zimA C
24  125 135 135     0.000    0.000    0.000   0.000   0.000   0.000   0.000 2zimA Y
24  124 136 136     0.000    0.000    0.000   0.000   0.000   0.000   0.000 2zimA R
24  123 137 137     0.000    0.000    0.000   0.000   0.000   0.000   0.000 2zimA K
24  122 138 138     0.000    0.000    0.000   0.000   0.000   0.000   0.000 2zimA E
24  121 139 139     0.000    0.000    0.000   0.000   0.000   0.000   0.000 2zimA S
24  120 140 140     0.000    0.000    0.000   0.000   0.000   0.000   0.000 2zimA D
24  119 141 141     0.000    0.000    0.000   0.000   0.000   0.000   0.000 2zimA G
24  118 142 142     0.000    0.000    0.000   0.000   0.000   0.000   0.000 2zimA K
24  117 143 143     0.000    0.000    0.000   0.000   0.000   0.000   0.000 2zimA E
24  116 144 144     0.000    0.000    0.000   0.000   0.000   0.000   0.000 2zimA H
24  115 145 145     0.000    0.000    0.000   0.000   0.000   0.000   0.000 2zimA L
24  114 146 146     0.000    0.000    0.000   0.000   0.000   0.000   0.000 2zimA E
24  113 147 147     0.000    0.000    0.000   0.000   0.000   0.000   0.000 2zimA E
24  112 148 148     0.000    0.000    0.000   0.000   0.000   0.000   0.000 2zimA F
24  111 149 149     0.000    0.000    0.000   0.000   0.000   0.000   0.000 2zimA T
24  110 150 150     0.000    0.000    0.000   0.000   0.000   0.000   0.000 2zimA M
24  109 151 151     0.000    0.000    0.000   0.000   0.000   0.000   0.000 2zimA L
24  108 152 152     0.000    0.000    0.000   0.000   0.000   0.000   0.000 2zimA N
24  107 153 153     0.000    0.000    0.000   0.000   0.000   0.000   0.000 2zimA F
24  106 154 154     0.000    0.000    0.000   0.000   0.000   0.000   0.000 2zimA C
24  105 155 155     0.000    0.000    0.000   0.000   0.000   0.000   0.000 2zimA Q
24  104 156 156     0.000    0.000    0.000   0.000   0.000   0.000   0.000 2zimA M
24  103 157 157     0.000    0.000    0.000   0.000   0.000   0.000   0.000 2zimA G
24  102 158 158     0.000    0.000    0.000   0.000   0.000   0.000   0.000 2zimA S
24  101 159 159     0.000    0.000    0.000   0.000   0.000   0.000   0.000 2zimA G
24  100 160 160     0.000    0.000    0.000   0.000   0.000   0.000   0.000 2zimA C
24   99 161 161     0.000    0.000    0.000   0.000   0.000   0.000   0.000 2zimA T
24   98 162 162     0.000    0.000    0.000   0.000   0.000   0.000   0.000 2zimA R
24   97 163 163     0.000    0.000    0.000   0.000   0.000   0.000   0.000 2zimA E
24   96 164 164     0.000    0.000    0.000   0.000   0.000   0.000   0.000 2zimA N
24   95 165 165     0.000    0.000    0.000   0.000   0.000   0.000   0.000 2zimA L
24   94 166 166     0.000    0.000    0.000   0.000   0.000   0.000   0.000 2zimA E
24   93 167 167     0.000    0.000    0.000   0.000   0.000   0.000   0.000 2zimA S
24   92 168 168     0.000    0.000    0.000   0.000   0.000   0.000   0.000 2zimA I
24   91 169 169     0.000    0.000    0.000   0.000   0.000   0.000   0.000 2zimA I
24   90 170 170     0.000    0.000    0.000   0.000   0.000   0.000   0.000 2zimA T
24   89 171 171     0.000    0.000    0.000   0.000   0.000   0.000   0.000 2zimA D
24   88 172 172     0.000    0.000    0.000   0.000   0.000   0.000   0.000 2zimA F
24   87 173 173     0.000    0.000    0.000   0.000   0.000   0.000   0.000 2zimA L
24   86 174 174     0.000    0.000    0.000   0.000   0.000   0.000   0.000 2zimA N
24   85 175 175     0.000    0.000    0.000   0.000   0.000   0.000   0.000 2zimA H
24   84 176 176     0.000    0.000    0.000   0.000   0.000   0.000   0.000 2zimA L
24   83 177 177     0.000    0.000    0.000   0.000   0.000   0.000   0.000 2zimA G
24   82 178 178     0.000    0.000    0.000   0.000   0.000   0.000   0.000 2zimA I
24   81 179 179     0.000    0.000    0.000   0.000   0.000   0.000   0.000 2zimA D
24   80 180 180     0.000    0.000    0.000   0.000   0.000   0.000   0.000 2zimA F
24   79 181 181     0.000    0.000    0.000   0.000   0.000   0.000   0.000 2zimA K
24   78 182 182     0.000    0.000    0.000   0.000   0.000   0.000   0.000 2zimA I
24   77 183 183     0.000    0.000    0.000   0.000   0.000   0.000   0.000 2zimA V
24   76 184 184     0.000    0.000    0.000   0.000   0.000   0.000   0.000 2zimA G
24   75 185 185     0.000    0.000    0.000   0.000   0.000   0.000   0.000 2zimA D
24   74 186 186     0.000    0.000    0.000   0.000   0.000   0.000   0.000 2zimA S
24   73 187 187     0.000    0.000    0.000   0.000   0.000   0.000   0.000 2zimA C
24   72 188 188     0.000    0.000    0.000   0.000   0.000   0.000   0.000 2zimA M
24   71 189 189     0.000    0.000    0.000   0.000   0.000   0.000   0.000 2zimA V
24   70 190 190     0.000    0.000    0.000   0.000   0.000   0.000   0.000 2zimA Y
24   69 191 191     0.000    0.000    0.000   0.000   0.000   0.000   0.000 2zimA G
24   68 192 192     0.000    0.000    0.000   0.000   0.000   0.000   0.000 2zimA D
24   67 193 193     0.000    0.000    0.000   0.000   0.000   0.000   0.000 2zimA T
24   66 194 194     0.000    0.000    0.000   0.000   0.000   0.000   0.000 2zimA L
24   65 195 195     0.000    0.000    0.000   0.000   0.000   0.000   0.000 2zimA D
24   64 196 196     0.000    0.000    0.000   0.000   0.000   0.000   0.000 2zimA V
24   63 197 197     0.000    0.000    0.000   0.000   0.000   0.000   0.000 2zimA M
24   62 198 198     0.000    0.000    0.000   0.000   0.000   0.000   0.000 2zimA H
24   61 199 199     0.000    0.000    0.000   0.000   0.000   0.000   0.000 2zimA G
24   60 200 200     0.000    0.000    0.000   0.000   0.000   0.000   0.000 2zimA D
24   59 201 201     0.000    0.000    0.000   0.000   0.000   0.000   0.000 2zimA L
24   58 202 202     0.000    0.000    0.000   0.000   0.000   0.000   0.000 2zimA E
24   57 203 203     0.000    0.000    0.000   0.000   0.000   0.000   0.000 2zimA L
24   56 204 204     0.000    0.000    0.000   0.000   0.000   0.000   0.000 2zimA S
24   55 205 205     0.000    0.000    0.000   0.000   0.000   0.000   0.000 2zimA S
24   54 206 206     0.000    0.000    0.000   0.000   0.000   0.000   0.000 2zimA A
24   53 207 207     0.000    0.000    0.000   0.000   0.000   0.000   0.000 2zimA V
24   52 208 208     0.000    0.000    0.000   0.000   0.000   0.000   0.000 2zimA V
24   51 209 209     0.000    0.000    0.000   0.000   0.000   0.000   0.000 2zimA G
24   50 210 210     0.000    0.000    0.000   0.000   0.000   0.000   0.000 2zimA P
24   49 211 211     0.000    0.000    0.000   0.000   0.000   0.000   0.000 2zimA I
24   48 212 212     0.000    0.000    0.000   0.000   0.000   0.000   0.000 2zimA P
24   47 213 213     0.000    0.000    0.000   0.000   0.000   0.000   0.000 2zimA L
24   46 214 214     0.000    0.000    0.000   0.000   0.000   0.000   0.000 2zimA D
24   45 215 215     0.000    0.000    0.000   0.000   0.000   0.000   0.000 2zimA R
24   44 216 216     0.000    0.000    0.000   0.000   0.000   0.000   0.000 2zimA E
24   43 217 217     0.000    0.000    0.000   0.000   0.000   0.000   0.000 2zimA W
24   42 218 218     0.000    0.000    0.000   0.000   0.000   0.000   0.000 2zimA G
24   41 219 219     0.000    0.000    0.000   0.000   0.000   0.000   0.000 2zimA I
24   40 220 220     0.000    0.000    0.000   0.000   0.000   0.000   0.000 2zimA D
24   39 221 221     0.000    0.000    0.000   0.000   0.000   0.000   0.000 2zimA K
24   38 222 222     0.000    0.000    0.000   0.000   0.000   0.000   0.000 2zimA P
24   37 223 223     0.000    0.000    0.000   0.000   0.000   0.000   0.000 2zimA W
24   36 224 224     0.000    0.000    0.000   0.000   0.000   0.000   0.000 2zimA I
24   35 225 225     0.000    0.000    0.000   0.000   0.000   0.000   0.000 2zimA G
24   34 226 226     0.000    0.000    0.000   0.000   0.000   0.000   0.000 2zimA A
24   33 227 227     0.000    0.000    0.000   0.000   0.000   0.000   0.000 2zimA G
24   32 228 228     0.000    0.000    0.000   0.000   0.000   0.000   0.000 2zimA F
24   31 229 229     0.000    0.000    0.000   0.000   0.000   0.000   0.000 2zimA G
24   30 230 230     0.000    0.000    0.000   0.000   0.000   0.000   0.000 2zimA L
24   29 231 231     0.000    0.000    0.000   0.000   0.000   0.000   0.000 2zimA E
24   28 232 232     0.000    0.000    0.000   0.000   0.000   0.000   0.000 2zimA R
24   27 233 233     0.000    0.000    0.000   0.000   0.000   0.000   0.000 2zimA L
24   26 234 234     0.000    0.000    0.000   0.000   0.000   0.000   0.000 2zimA L
24   25 235 235     0.000    0.000    0.000   0.000   0.000   0.000   0.000 2zimA K
24   24 236 236     0.000    0.000    0.000   0.000   0.000   0.000   0.000 2zimA V
24   23 237 237     0.000    0.000    0.000   0.000   0.000   0.000   0.000 2zimA K
24   22 238 238     0.000    0.000    0.000   0.000   0.000   0.000   0.000 2zimA H
24   21 239 239     0.000    0.000    0.000   0.000   0.000   0.000   0.000 2zimA D
24   20 240 240     0.000    0.000    0.000   0.000   0.000   0.000   0.000 2zimA F
24   19 241 241     0.000    0.000    0.000   0.000   0.000   0.000   0.000 2zimA K
24   18 242 242     0.000    0.000    0.000   0.000   0.000   0.000   0.000 2zimA N
24   17 243 243     0.000    0.000    0.000   0.000   0.000   0.000   0.000 2zimA I
24   16 244 244     0.000    0.000    0.000   0.000   0.000   0.000   0.000 2zimA K
24   15 245 245     0.000    0.000    0.000   0.000   0.000   0.000   0.000 2zimA R
24   14 246 246     0.000    0.000    0.000   0.000   0.000   0.000   0.000 2zimA A
24   13 247 247     0.000    0.000    0.000   0.000   0.000   0.000   0.000 2zimA A
24   12 248 248     0.000    0.000    0.000   0.000   0.000   0.000   0.000 2zimA R
24   11 249 249     0.000    0.000    0.000   0.000   0.000   0.000   0.000 2zimA S
24   10 250 250     0.000    0.000    0.000   0.000   0.000   0.000   0.000 2zimA E
24    9 251 251     0.000    0.000    0.000   0.000   0.000   0.000   0.000 2zimA S
24    8 252 252     0.000    0.000    0.000   0.000   0.000   0.000   0.000 2zimA Y
24    7 253 253     0.000    0.000    0.000   0.000   0.000   0.000   0.000 2zimA Y
24    6 254 254     0.000    0.000    0.000   0.000   0.000   0.000   0.000 2zimA N
24    5 255 255     0.000    0.000    0.000   0.000   0.000   0.000   0.000 2zimA G
24    4 256 256     0.000    0.000    0.000   0.000   0.000   0.000   0.000 2zimA I
24    3 257 257     0.000    0.000    0.000   0.000   0.000   0.000   0.000 2zimA S
24    2 258 258     0.000    0.000    0.000   0.000   0.000   0.000   0.000 2zimA T
24    1 259 259     0.000    0.000    0.000   0.000   0.000   0.000   0.000 2zimA N
24    0 260 260     0.000    0.000    0.000   0.000   0.000   0.000   0.000 2zimA L
