24  306   1   1     0.000    0.000    0.000   0.000   0.000   0.000   0.000 1zh0A M
24  305   2   2     0.000    0.000    0.000   0.000   0.000   0.000   0.000 1zh0A D
24  304   3   3     0.000    0.000    0.000   0.000   0.000   0.000   0.000 1zh0A E
24  303   4   4     0.000    0.000    0.000   0.000   0.000   0.000   0.000 1zh0A F
24  302   5   5     0.000    0.000    0.000   0.000   0.000   0.000   0.000 1zh0A E
24  301   6   6     0.000    0.000    0.000   0.000   0.000   0.000   0.000 1zh0A M
24  300   7   7     0.000    0.000    0.000   0.000   0.000   0.000   0.000 1zh0A I
24  299   8   8     0.000    0.000    0.000   0.000   0.000   0.000   0.000 1zh0A K
24  298   9   9     0.000    0.000    0.000   0.000   0.000   0.000   0.000 1zh0A R
24  297  10  10     0.000    0.000    0.000   0.000   0.000   0.000   0.000 1zh0A N
24  296  11  11     0.000    0.000    0.000   0.000   0.000   0.000   0.000 1zh0A T
24  295  12  12     0.000    0.000    0.000   0.000   0.000   0.000   0.000 1zh0A S
24  294  13  13     0.000    0.000    0.000   0.000   0.000   0.000   0.000 1zh0A E
24  293  14  14     0.000    0.000    0.000   0.000   0.000   0.000   0.000 1zh0A I
24  292  15  15     0.000    0.000    0.000   0.000   0.000   0.000   0.000 1zh0A I
24  291  16  16     0.000    0.000    0.000   0.000   0.000   0.000   0.000 1zh0A S
24  290  17  17     0.000    0.000    0.000   0.000   0.000   0.000   0.000 1zh0A E
24  289  18  18     0.000    0.000    0.000   0.000   0.000   0.000   0.000 1zh0A E
24  288  19  19     0.000    0.000    0.000   0.000   0.000   0.000   0.000 1zh0A E
24  287  20  20     0.000    0.000    0.000   0.000   0.000   0.000   0.000 1zh0A L
24  286  21  21     0.000    0.000    0.000   0.000   0.000   0.000   0.000 1zh0A R
24  285  22  22     0.000    0.000    0.000   0.000   0.000   0.000   0.000 1zh0A E
24  284  23  23     0.000    0.000    0.000   0.000   0.000   0.000   0.000 1zh0A V
24  283  24  24     0.000    0.000    0.000   0.000   0.000   0.000   0.000 1zh0A L
24  282  25  25     0.000    0.000    0.000   0.000   0.000   0.000   0.000 1zh0A K
24  281  26  26     0.000    0.000    0.000   0.000   0.000   0.000   0.000 1zh0A K
24  280  27  27     0.000    0.000    0.000   0.000   0.000   0.000   0.000 1zh0A D
24  279  28  28     0.000    0.000    0.000   0.000   0.000   0.000   0.000 1zh0A E
24  278  29  29     0.000    0.000    0.000   0.000   0.000   0.000   0.000 1zh0A K
24  277  30  30     0.000    0.000    0.000   0.000   0.000   0.000   0.000 1zh0A S
24  276  31  31     0.000    0.000    0.000   0.000   0.000   0.000   0.000 1zh0A A
24  275  32  32     0.000    0.000    0.000   0.000   0.000   0.000   0.000 1zh0A L
24  274  33  33     0.000    0.000    0.000   0.000   0.000   0.000   0.000 1zh0A I
24  273  34  34     0.000    0.000    0.000   0.000   0.000   0.000   0.000 1zh0A G
24  272  35  35     0.000    0.000    0.000   0.000   0.000   0.000   0.000 1zh0A F
24  271  36  36     0.000    0.000    0.000   0.000   0.000   0.000   0.000 1zh0A E
24  270  37  37     0.000    0.000    0.000   0.000   0.000   0.000   0.000 1zh0A P
24  269  38  38     0.000    0.000    0.000   0.000   0.000   0.000   0.000 1zh0A S
24  268  39  39     0.000    0.000    0.000   0.000   0.000   0.000   0.000 1zh0A G
24  267  40  40     0.000    0.000    0.000   0.000   0.000   0.000   0.000 1zh0A K
24  266  41  41     0.000    0.000    0.000   0.000   0.000   0.000   0.000 1zh0A I
24  265  42  42     0.000    0.000    0.000   0.000   0.000   0.000   0.000 1zh0A H
24  264  43  43     0.000    0.000    0.000   0.000   0.000   0.000   0.000 1zh0A L
24  263  44  44     0.000    0.000    0.000   0.000   0.000   0.000   0.000 1zh0A G
24  262  45  45     0.000    0.000    0.000   0.000   0.000   0.000   0.000 1zh0A H
24  261  46  46     0.000    0.000    0.000   0.000   0.000   0.000   0.000 1zh0A Y
24  260  47  47     0.000    0.000    0.000   0.000   0.000   0.000   0.000 1zh0A L
24  259  48  48     0.000    0.000    0.000   0.000   0.000   0.000   0.000 1zh0A Q
24  258  49  49     0.000    0.000    0.000   0.000   0.000   0.000   0.000 1zh0A I
24  257  50  50     0.000    0.000    0.000   0.000   0.000   0.000   0.000 1zh0A K
24  256  51  51     0.000    0.000    0.000   0.000   0.000   0.000   0.000 1zh0A K
24  255  52  52     0.000    0.000    0.000   0.000   0.000   0.000   0.000 1zh0A M
24  254  53  53     0.000    0.000    0.000   0.000   0.000   0.000   0.000 1zh0A I
24  253  54  54     0.000    0.000    0.000   0.000   0.000   0.000   0.000 1zh0A D
24  252  55  55     0.000    0.000    0.000   0.000   0.000   0.000   0.000 1zh0A L
24  251  56  56     0.000    0.000    0.000   0.000   0.000   0.000   0.000 1zh0A Q
24  250  57  57     0.000    0.000    0.000   0.000   0.000   0.000   0.000 1zh0A N
24  249  58  58     0.000    0.000    0.000   0.000   0.000   0.000   0.000 1zh0A A
24  248  59  59     0.000    0.000    0.000   0.000   0.000   0.000   0.000 1zh0A G
24  247  60  60     0.000    0.000    0.000   0.000   0.000   0.000   0.000 1zh0A F
24  246  61  61     0.000    0.000    0.000   0.000   0.000   0.000   0.000 1zh0A D
24  245  62  62     0.000    0.000    0.000   0.000   0.000   0.000   0.000 1zh0A I
24  244  63  63     0.000    0.000    0.000   0.000   0.000   0.000   0.000 1zh0A I
24  243  64  64     0.000    0.000    0.000   0.000   0.000   0.000   0.000 1zh0A I
24  242  65  65     0.000    0.000    0.000   0.000   0.000   0.000   0.000 1zh0A L
24  241  66  66     0.000    0.000    0.000   0.000   0.000   0.000   0.000 1zh0A L
24  240  67  67     0.000    0.000    0.000   0.000   0.000   0.000   0.000 1zh0A A
24  239  68  68     0.000    0.000    0.000   0.000   0.000   0.000   0.000 1zh0A D
24  238  69  69     0.000    0.000    0.000   0.000   0.000   0.000   0.000 1zh0A L
24  237  70  70     0.000    0.000    0.000   0.000   0.000   0.000   0.000 1zh0A H
24  236  71  71     0.000    0.000    0.000   0.000   0.000   0.000   0.000 1zh0A A
24  235  72  72     0.000    0.000    0.000   0.000   0.000   0.000   0.000 1zh0A Y
24  234  73  73     0.000    0.000    0.000   0.000   0.000   0.000   0.000 1zh0A L
24  233  74  74     0.000    0.000    0.000   0.000   0.000   0.000   0.000 1zh0A N
24  232  75  75     0.000    0.000    0.000   0.000   0.000   0.000   0.000 1zh0A Q
24  231  76  76     0.000    0.000    0.000   0.000   0.000   0.000   0.000 1zh0A K
24  230  77  77     0.000    0.000    0.000   0.000   0.000   0.000   0.000 1zh0A G
24  229  78  78     0.000    0.000    0.000   0.000   0.000   0.000   0.000 1zh0A E
24  228  79  79     0.000    0.000    0.000   0.000   0.000   0.000   0.000 1zh0A L
24  227  80  80     0.000    0.000    0.000   0.000   0.000   0.000   0.000 1zh0A D
24  226  81  81     0.000    0.000    0.000   0.000   0.000   0.000   0.000 1zh0A E
24  225  82  82     0.000    0.000    0.000   0.000   0.000   0.000   0.000 1zh0A I
24  224  83  83     0.000    0.000    0.000   0.000   0.000   0.000   0.000 1zh0A R
24  223  84  84     0.000    0.000    0.000   0.000   0.000   0.000   0.000 1zh0A K
24  222  85  85     0.000    0.000    0.000   0.000   0.000   0.000   0.000 1zh0A I
24  221  86  86     0.000    0.000    0.000   0.000   0.000   0.000   0.000 1zh0A G
24  220  87  87     0.000    0.000    0.000   0.000   0.000   0.000   0.000 1zh0A D
24  219  88  88     0.000    0.000    0.000   0.000   0.000   0.000   0.000 1zh0A Y
24  218  89  89     0.000    0.000    0.000   0.000   0.000   0.000   0.000 1zh0A N
24  217  90  90     0.000    0.000    0.000   0.000   0.000   0.000   0.000 1zh0A K
24  216  91  91     0.000    0.000    0.000   0.000   0.000   0.000   0.000 1zh0A K
24  215  92  92     0.000    0.000    0.000   0.000   0.000   0.000   0.000 1zh0A V
24  214  93  93     0.000    0.000    0.000   0.000   0.000   0.000   0.000 1zh0A F
24  213  94  94     0.000    0.000    0.000   0.000   0.000   0.000   0.000 1zh0A E
24  212  95  95     0.000    0.000    0.000   0.000   0.000   0.000   0.000 1zh0A A
24  211  96  96     0.000    0.000    0.000   0.000   0.000   0.000   0.000 1zh0A M
24  210  97  97     0.000    0.000    0.000   0.000   0.000   0.000   0.000 1zh0A G
24  209  98  98     0.000    0.000    0.000   0.000   0.000   0.000   0.000 1zh0A L
24  208  99  99     0.000    0.000    0.000   0.000   0.000   0.000   0.000 1zh0A K
24  207 100 100     0.000    0.000    0.000   0.000   0.000   0.000   0.000 1zh0A A
24  206 101 101     0.000    0.000    0.000   0.000   0.000   0.000   0.000 1zh0A K
24  205 102 102     0.000    0.000    0.000   0.000   0.000   0.000   0.000 1zh0A Y
24  204 103 103     0.000    0.000    0.000   0.000   0.000   0.000   0.000 1zh0A V
24  203 104 104     0.000    0.000    0.000   0.000   0.000   0.000   0.000 1zh0A Y
24  202 105 105     0.000    0.000    0.000   0.000   0.000   0.000   0.000 1zh0A G
24  201 106 106     0.000    0.000    0.000   0.000   0.000   0.000   0.000 1zh0A S
24  200 107 107     0.000    0.000    0.000   0.000   0.000   0.000   0.000 1zh0A S
24  199 108 108     0.000    0.000    0.000   0.000   0.000   0.000   0.000 1zh0A F
24  198 109 109     0.000    0.000    0.000   0.000   0.000   0.000   0.000 1zh0A Q
24  197 110 110     0.000    0.000    0.000   0.000   0.000   0.000   0.000 1zh0A L
24  196 111 111     0.000    0.000    0.000   0.000   0.000   0.000   0.000 1zh0A D
24  195 112 112     0.000    0.000    0.000   0.000   0.000   0.000   0.000 1zh0A K
24  194 113 113     0.000    0.000    0.000   0.000   0.000   0.000   0.000 1zh0A D
24  193 114 114     0.000    0.000    0.000   0.000   0.000   0.000   0.000 1zh0A Y
24  192 115 115     0.000    0.000    0.000   0.000   0.000   0.000   0.000 1zh0A T
24  191 116 116     0.000    0.000    0.000   0.000   0.000   0.000   0.000 1zh0A L
24  190 117 117     0.000    0.000    0.000   0.000   0.000   0.000   0.000 1zh0A N
24  189 118 118     0.000    0.000    0.000   0.000   0.000   0.000   0.000 1zh0A V
24  188 119 119     0.000    0.000    0.000   0.000   0.000   0.000   0.000 1zh0A Y
24  187 120 120     0.000    0.000    0.000   0.000   0.000   0.000   0.000 1zh0A R
24  186 121 121     0.000    0.000    0.000   0.000   0.000   0.000   0.000 1zh0A L
24  185 122 122     0.000    0.000    0.000   0.000   0.000   0.000   0.000 1zh0A A
24  184 123 123     0.000    0.000    0.000   0.000   0.000   0.000   0.000 1zh0A L
24  183 124 124     0.000    0.000    0.000   0.000   0.000   0.000   0.000 1zh0A K
24  182 125 125     0.000    0.000    0.000   0.000   0.000   0.000   0.000 1zh0A T
24  181 126 126     0.000    0.000    0.000   0.000   0.000   0.000   0.000 1zh0A T
24  180 127 127     0.000    0.000    0.000   0.000   0.000   0.000   0.000 1zh0A L
24  179 128 128     0.000    0.000    0.000   0.000   0.000   0.000   0.000 1zh0A K
24  178 129 129     0.000    0.000    0.000   0.000   0.000   0.000   0.000 1zh0A R
24  177 130 130     0.000    0.000    0.000   0.000   0.000   0.000   0.000 1zh0A A
24  176 131 131     0.000    0.000    0.000   0.000   0.000   0.000   0.000 1zh0A R
24  175 132 132     0.000    0.000    0.000   0.000   0.000   0.000   0.000 1zh0A R
24  174 133 133     0.000    0.000    0.000   0.000   0.000   0.000   0.000 1zh0A S
24  173 134 134     0.000    0.000    0.000   0.000   0.000   0.000   0.000 1zh0A M
24  172 135 135     0.000    0.000    0.000   0.000   0.000   0.000   0.000 1zh0A E
24  171 136 136     0.000    0.000    0.000   0.000   0.000   0.000   0.000 1zh0A L
24  170 137 137     0.000    0.000    0.000   0.000   0.000   0.000   0.000 1zh0A I
24  169 138 138     0.000    0.000    0.000   0.000   0.000   0.000   0.000 1zh0A A
24  168 139 139     0.000    0.000    0.000   0.000   0.000   0.000   0.000 1zh0A R
24  167 140 140     0.000    0.000    0.000   0.000   0.000   0.000   0.000 1zh0A E
24  166 141 141     0.000    0.000    0.000   0.000   0.000   0.000   0.000 1zh0A D
24  165 142 142     0.000    0.000    0.000   0.000   0.000   0.000   0.000 1zh0A E
24  164 143 143     0.000    0.000    0.000   0.000   0.000   0.000   0.000 1zh0A N
24  163 144 144     0.000    0.000    0.000   0.000   0.000   0.000   0.000 1zh0A P
24  162 145 145     0.000    0.000    0.000   0.000   0.000   0.000   0.000 1zh0A K
24  161 146 146     0.000    0.000    0.000   0.000   0.000   0.000   0.000 1zh0A V
24  160 147 147     0.000    0.000    0.000   0.000   0.000   0.000   0.000 1zh0A A
24  159 148 148     0.000    0.000    0.000   0.000   0.000   0.000   0.000 1zh0A E
24  158 149 149     0.000    0.000    0.000   0.000   0.000   0.000   0.000 1zh0A V
24  157 150 150     0.000    0.000    0.000   0.000   0.000   0.000   0.000 1zh0A I
24  156 151 151     0.000    0.000    0.000   0.000   0.000   0.000   0.000 1zh0A Y
24  155 152 152     0.000    0.000    0.000   0.000   0.000   0.000   0.000 1zh0A P
24  154 153 153     0.000    0.000    0.000   0.000   0.000   0.000   0.000 1zh0A I
24  153 154 154     0.000    0.000    0.000   0.000   0.000   0.000   0.000 1zh0A M
24  152 155 155     0.000    0.000    0.000   0.000   0.000   0.000   0.000 1zh0A Q
24  151 156 156     0.000    0.000    0.000   0.000   0.000   0.000   0.000 1zh0A V
24  150 157 157     0.000    0.000    0.000   0.000   0.000   0.000   0.000 1zh0A N
24  149 158 158     0.000    0.000    0.000   0.000   0.000   0.000   0.000 1zh0A P
24  148 159 159     0.000    0.000    0.000   0.000   0.000   0.000   0.000 1zh0A A
24  147 160 160     0.000    0.000    0.000   0.000   0.000   0.000   0.000 1zh0A H
24  146 161 161     0.000    0.000    0.000   0.000   0.000   0.000   0.000 1zh0A Y
24  145 162 162     0.000    0.000    0.000   0.000   0.000   0.000   0.000 1zh0A Q
24  144 163 163     0.000    0.000    0.000   0.000   0.000   0.000   0.000 1zh0A G
24  143 164 164     0.000    0.000    0.000   0.000   0.000   0.000   0.000 1zh0A V
24  142 165 165     0.000    0.000    0.000   0.000   0.000   0.000   0.000 1zh0A D
24  141 166 166     0.000    0.000    0.000   0.000   0.000   0.000   0.000 1zh0A V
24  140 167 167     0.000    0.000    0.000   0.000   0.000   0.000   0.000 1zh0A V
24  139 168 168     0.000    0.000    0.000   0.000   0.000   0.000   0.000 1zh0A V
24  138 169 169     0.000    0.000    0.000   0.000   0.000   0.000   0.000 1zh0A G
24  137 170 170     0.000    0.000    0.000   0.000   0.000   0.000   0.000 1zh0A G
24  136 171 171     0.000    0.000    0.000   0.000   0.000   0.000   0.000 1zh0A M
24  135 172 172     0.000    0.000    0.000   0.000   0.000   0.000   0.000 1zh0A E
24  134 173 173     0.000    0.000    0.000   0.000   0.000   0.000   0.000 1zh0A Q
24  133 174 174     0.000    0.000    0.000   0.000   0.000   0.000   0.000 1zh0A R
24  132 175 175     0.000    0.000    0.000   0.000   0.000   0.000   0.000 1zh0A K
24  131 176 176     0.000    0.000    0.000   0.000   0.000   0.000   0.000 1zh0A I
24  130 177 177     0.000    0.000    0.000   0.000   0.000   0.000   0.000 1zh0A H
24  129 178 178     0.000    0.000    0.000   0.000   0.000   0.000   0.000 1zh0A M
24  128 179 179     0.000    0.000    0.000   0.000   0.000   0.000   0.000 1zh0A L
24  127 180 180     0.000    0.000    0.000   0.000   0.000   0.000   0.000 1zh0A A
24  126 181 181     0.000    0.000    0.000   0.000   0.000   0.000   0.000 1zh0A R
24  125 182 182     0.000    0.000    0.000   0.000   0.000   0.000   0.000 1zh0A E
24  124 183 183     0.000    0.000    0.000   0.000   0.000   0.000   0.000 1zh0A L
24  123 184 184     0.000    0.000    0.000   0.000   0.000   0.000   0.000 1zh0A L
24  122 185 185     0.000    0.000    0.000   0.000   0.000   0.000   0.000 1zh0A P
24  121 186 186     0.000    0.000    0.000   0.000   0.000   0.000   0.000 1zh0A K
24  120 187 187     0.000    0.000    0.000   0.000   0.000   0.000   0.000 1zh0A K
24  119 188 188     0.000    0.000    0.000   0.000   0.000   0.000   0.000 1zh0A V
24  118 189 189     0.000    0.000    0.000   0.000   0.000   0.000   0.000 1zh0A V
24  117 190 190     0.000    0.000    0.000   0.000   0.000   0.000   0.000 1zh0A C
24  116 191 191     0.000    0.000    0.000   0.000   0.000   0.000   0.000 1zh0A I
24  115 192 192     0.000    0.000    0.000   0.000   0.000   0.000   0.000 1zh0A H
24  114 193 193     0.000    0.000    0.000   0.000   0.000   0.000   0.000 1zh0A N
24  113 194 194     0.000    0.000    0.000   0.000   0.000   0.000   0.000 1zh0A P
24  112 195 195     0.000    0.000    0.000   0.000   0.000   0.000   0.000 1zh0A V
24  111 196 196     0.000    0.000    0.000   0.000   0.000   0.000   0.000 1zh0A L
24  110 197 197     0.000    0.000    0.000   0.000   0.000   0.000   0.000 1zh0A T
24  109 198 198     0.000    0.000    0.000   0.000   0.000   0.000   0.000 1zh0A G
24  108 199 199     0.000    0.000    0.000   0.000   0.000   0.000   0.000 1zh0A L
24  107 200 200     0.000    0.000    0.000   0.000   0.000   0.000   0.000 1zh0A D
24  106 201 201     0.000    0.000    0.000   0.000   0.000   0.000   0.000 1zh0A G
24  105 202 202     0.000    0.000    0.000   0.000   0.000   0.000   0.000 1zh0A E
24  104 203 203     0.000    0.000    0.000   0.000   0.000   0.000   0.000 1zh0A G
24  103 204 204     0.000    0.000    0.000   0.000   0.000   0.000   0.000 1zh0A K
24  102 205 205     0.000    0.000    0.000   0.000   0.000   0.000   0.000 1zh0A M
24  101 206 206     0.000    0.000    0.000   0.000   0.000   0.000   0.000 1zh0A S
24  100 207 207     0.000    0.000    0.000   0.000   0.000   0.000   0.000 1zh0A S
24   99 208 208     0.000    0.000    0.000   0.000   0.000   0.000   0.000 1zh0A S
24   98 209 209     0.000    0.000    0.000   0.000   0.000   0.000   0.000 1zh0A K
24   97 210 210     0.000    0.000    0.000   0.000   0.000   0.000   0.000 1zh0A G
24   96 211 211     0.000    0.000    0.000   0.000   0.000   0.000   0.000 1zh0A N
24   95 212 212     0.000    0.000    0.000   0.000   0.000   0.000   0.000 1zh0A F
24   94 213 213     0.000    0.000    0.000   0.000   0.000   0.000   0.000 1zh0A I
24   93 214 214     0.000    0.000    0.000   0.000   0.000   0.000   0.000 1zh0A A
24   92 215 215     0.000    0.000    0.000   0.000   0.000   0.000   0.000 1zh0A V
24   91 216 216     0.000    0.000    0.000   0.000   0.000   0.000   0.000 1zh0A D
24   90 217 217     0.000    0.000    0.000   0.000   0.000   0.000   0.000 1zh0A D
24   89 218 218     0.000    0.000    0.000   0.000   0.000   0.000   0.000 1zh0A S
24   88 219 219     0.000    0.000    0.000   0.000   0.000   0.000   0.000 1zh0A P
24   87 220 220     0.000    0.000    0.000   0.000   0.000   0.000   0.000 1zh0A E
24   86 221 221     0.000    0.000    0.000   0.000   0.000   0.000   0.000 1zh0A E
24   85 222 222     0.000    0.000    0.000   0.000   0.000   0.000   0.000 1zh0A I
24   84 223 223     0.000    0.000    0.000   0.000   0.000   0.000   0.000 1zh0A R
24   83 224 224     0.000    0.000    0.000   0.000   0.000   0.000   0.000 1zh0A A
24   82 225 225     0.000    0.000    0.000   0.000   0.000   0.000   0.000 1zh0A K
24   81 226 226     0.000    0.000    0.000   0.000   0.000   0.000   0.000 1zh0A I
24   80 227 227     0.000    0.000    0.000   0.000   0.000   0.000   0.000 1zh0A K
24   79 228 228     0.000    0.000    0.000   0.000   0.000   0.000   0.000 1zh0A K
24   78 229 229     0.000    0.000    0.000   0.000   0.000   0.000   0.000 1zh0A A
24   77 230 230     0.000    0.000    0.000   0.000   0.000   0.000   0.000 1zh0A Y
24   76 231 231     0.000    0.000    0.000   0.000   0.000   0.000   0.000 1zh0A C
24   75 232 232     0.000    0.000    0.000   0.000   0.000   0.000   0.000 1zh0A P
24   74 233 233     0.000    0.000    0.000   0.000   0.000   0.000   0.000 1zh0A A
24   73 234 234     0.000    0.000    0.000   0.000   0.000   0.000   0.000 1zh0A G
24   72 235 235     0.000    0.000    0.000   0.000   0.000   0.000   0.000 1zh0A V
24   71 236 236     0.000    0.000    0.000   0.000   0.000   0.000   0.000 1zh0A V
24   70 237 237     0.000    0.000    0.000   0.000   0.000   0.000   0.000 1zh0A E
24   69 238 238     0.000    0.000    0.000   0.000   0.000   0.000   0.000 1zh0A G
24   68 239 239     0.000    0.000    0.000   0.000   0.000   0.000   0.000 1zh0A N
24   67 240 240     0.000    0.000    0.000   0.000   0.000   0.000   0.000 1zh0A P
24   66 241 241     0.000    0.000    0.000   0.000   0.000   0.000   0.000 1zh0A I
24   65 242 242     0.000    0.000    0.000   0.000   0.000   0.000   0.000 1zh0A M
24   64 243 243     0.000    0.000    0.000   0.000   0.000   0.000   0.000 1zh0A E
24   63 244 244     0.000    0.000    0.000   0.000   0.000   0.000   0.000 1zh0A I
24   62 245 245     0.000    0.000    0.000   0.000   0.000   0.000   0.000 1zh0A A
24   61 246 246     0.000    0.000    0.000   0.000   0.000   0.000   0.000 1zh0A K
24   60 247 247     0.000    0.000    0.000   0.000   0.000   0.000   0.000 1zh0A Y
24   59 248 248     0.000    0.000    0.000   0.000   0.000   0.000   0.000 1zh0A F
24   58 249 249     0.000    0.000    0.000   0.000   0.000   0.000   0.000 1zh0A L
24   57 250 250     0.000    0.000    0.000   0.000   0.000   0.000   0.000 1zh0A E
24   56 251 251     0.000    0.000    0.000   0.000   0.000   0.000   0.000 1zh0A Y
24   55 252 252     0.000    0.000    0.000   0.000   0.000   0.000   0.000 1zh0A P
24   54 253 253     0.000    0.000    0.000   0.000   0.000   0.000   0.000 1zh0A L
24   53 254 254     0.000    0.000    0.000   0.000   0.000   0.000   0.000 1zh0A T
24   52 255 255     0.000    0.000    0.000   0.000   0.000   0.000   0.000 1zh0A I
24   51 256 256     0.000    0.000    0.000   0.000   0.000   0.000   0.000 1zh0A K
24   50 257 257     0.000    0.000    0.000   0.000   0.000   0.000   0.000 1zh0A R
24   49 258 258     0.000    0.000    0.000   0.000   0.000   0.000   0.000 1zh0A P
24   48 259 259     0.000    0.000    0.000   0.000   0.000   0.000   0.000 1zh0A E
24   47 260 260     0.000    0.000    0.000   0.000   0.000   0.000   0.000 1zh0A K
24   46 261 261     0.000    0.000    0.000   0.000   0.000   0.000   0.000 1zh0A F
24   45 262 262     0.000    0.000    0.000   0.000   0.000   0.000   0.000 1zh0A G
24   44 263 263     0.000    0.000    0.000   0.000   0.000   0.000   0.000 1zh0A G
24   43 264 264     0.000    0.000    0.000   0.000   0.000   0.000   0.000 1zh0A D
24   42 265 265     0.000    0.000    0.000   0.000   0.000   0.000   0.000 1zh0A L
24   41 266 266     0.000    0.000    0.000   0.000   0.000   0.000   0.000 1zh0A T
24   40 267 267     0.000    0.000    0.000   0.000   0.000   0.000   0.000 1zh0A V
24   39 268 268     0.000    0.000    0.000   0.000   0.000   0.000   0.000 1zh0A N
24   38 269 269     0.000    0.000    0.000   0.000   0.000   0.000   0.000 1zh0A S
24   37 270 270     0.000    0.000    0.000   0.000   0.000   0.000   0.000 1zh0A Y
24   36 271 271     0.000    0.000    0.000   0.000   0.000   0.000   0.000 1zh0A E
24   35 272 272     0.000    0.000    0.000   0.000   0.000   0.000   0.000 1zh0A E
24   34 273 273     0.000    0.000    0.000   0.000   0.000   0.000   0.000 1zh0A L
24   33 274 274     0.000    0.000    0.000   0.000   0.000   0.000   0.000 1zh0A E
24   32 275 275     0.000    0.000    0.000   0.000   0.000   0.000   0.000 1zh0A S
24   31 276 276     0.000    0.000    0.000   0.000   0.000   0.000   0.000 1zh0A L
24   30 277 277     0.000    0.000    0.000   0.000   0.000   0.000   0.000 1zh0A F
24   29 278 278     0.000    0.000    0.000   0.000   0.000   0.000   0.000 1zh0A K
24   28 279 279     0.000    0.000    0.000   0.000   0.000   0.000   0.000 1zh0A N
24   27 280 280     0.000    0.000    0.000   0.000   0.000   0.000   0.000 1zh0A K
24   26 281 281     0.000    0.000    0.000   0.000   0.000   0.000   0.000 1zh0A E
24   25 282 282     0.000    0.000    0.000   0.000   0.000   0.000   0.000 1zh0A L
24   24 283 283     0.000    0.000    0.000   0.000   0.000   0.000   0.000 1zh0A H
24   23 284 284     0.000    0.000    0.000   0.000   0.000   0.000   0.000 1zh0A P
24   22 285 285     0.000    0.000    0.000   0.000   0.000   0.000   0.000 1zh0A M
24   21 286 286     0.000    0.000    0.000   0.000   0.000   0.000   0.000 1zh0A D
24   20 287 287     0.000    0.000    0.000   0.000   0.000   0.000   0.000 1zh0A L
24   19 288 288     0.000    0.000    0.000   0.000   0.000   0.000   0.000 1zh0A K
24   18 289 289     0.000    0.000    0.000   0.000   0.000   0.000   0.000 1zh0A N
24   17 290 290     0.000    0.000    0.000   0.000   0.000   0.000   0.000 1zh0A A
24   16 291 291     0.000    0.000    0.000   0.000   0.000   0.000   0.000 1zh0A V
24   15 292 292     0.000    0.000    0.000   0.000   0.000   0.000   0.000 1zh0A A
24   14 293 293     0.000    0.000    0.000   0.000   0.000   0.000   0.000 1zh0A E
24   13 294 294     0.000    0.000    0.000   0.000   0.000   0.000   0.000 1zh0A E
24   12 295 295     0.000    0.000    0.000   0.000   0.000   0.000   0.000 1zh0A L
24   11 296 296     0.000    0.000    0.000   0.000   0.000   0.000   0.000 1zh0A I
24   10 297 297     0.000    0.000    0.000   0.000   0.000   0.000   0.000 1zh0A K
24    9 298 298     0.000    0.000    0.000   0.000   0.000   0.000   0.000 1zh0A I
24    8 299 299     0.000    0.000    0.000   0.000   0.000   0.000   0.000 1zh0A L
24    7 300 300     0.000    0.000    0.000   0.000   0.000   0.000   0.000 1zh0A E
24    6 301 301     0.000    0.000    0.000   0.000   0.000   0.000   0.000 1zh0A P
24    5 302 302     0.000    0.000    0.000   0.000   0.000   0.000   0.000 1zh0A I
24    4 303 303     0.000    0.000    0.000   0.000   0.000   0.000   0.000 1zh0A R
24    3 304 304     0.000    0.000    0.000   0.000   0.000   0.000   0.000 1zh0A K
24    2 305 305     0.000    0.000    0.000   0.000   0.000   0.000   0.000 1zh0A R
24    1 306 306     0.000    0.000    0.000   0.000   0.000   0.000   0.000 1zh0A L
24    0 307 307     0.000    0.000    0.000   0.000   0.000   0.000   0.000 1zh0A L
